=====================================
Tamanho da barra: 100
Lucro máximo: 5476
Tempo de execução: 412700 ns
Cortes: 19, 19, 19, 21, 22
=====================================
=====================================
Tamanho da barra: 200
Lucro máximo: 11038
Tempo de execução: 1617571 ns
Cortes: 13, 16, 19, 19, 19, 19, 19, 19, 19, 19, 19
=====================================
=====================================
Tamanho da barra: 300
Lucro máximo: 16621
Tempo de execução: 3657531 ns
Cortes: 15, 19, 19, 19, 19, 19, 19, 19, 19, 19, 19, 19, 19, 19, 19, 19
=====================================
=====================================
Tamanho da barra: 400
Lucro máximo: 22220
Tempo de execução: 6703662 ns
Cortes: 19, 19, 19, 19, 19, 19, 19, 19, 19, 19, 19, 19, 19, 19, 19, 19, 19, 19, 19, 19, 20
=====================================
=====================================
Tamanho da barra: 500
Lucro máximo: 27722
Tempo de execução: 11214106 ns
Cortes: 6, 19, 19, 19, 19, 19, 19, 19, 19, 19, 19, 19, 19, 19, 19, 19, 19, 19, 19, 19, 19, 19, 19, 19, 19, 19, 19
=====================================
=====================================
Tamanho da barra: 600
Lucro máximo: 33314
Tempo de execução: 16232795 ns
Cortes: 11, 19, 19, 19, 19, 19, 19, 19, 19, 19, 19, 19, 19, 19, 19, 19, 19, 19, 19, 19, 19, 19, 19, 19, 19, 19, 19, 19, 19, 19, 19, 19
=====================================
=====================================
Tamanho da barra: 700
Lucro máximo: 38895
Tempo de execução: 21759131 ns
Cortes: 16, 19, 19, 19, 19, 19, 19, 19, 19, 19, 19, 19, 19, 19, 19, 19, 19, 19, 19, 19, 19, 19, 19, 19, 19, 19, 19, 19, 19, 19, 19, 19, 19, 19, 19, 19, 19
=====================================
=====================================
Tamanho da barra: 800
Lucro máximo: 44466
Tempo de execução: 29006274 ns
Cortes: 19, 19, 19, 19, 19, 19, 19, 19, 19, 19, 19, 19, 19, 19, 19, 19, 19, 19, 19, 19, 19, 19, 19, 19, 19, 19, 19, 19, 19, 19, 19, 19, 19, 19, 19, 19, 19, 19, 19, 19, 19, 21
=====================================
=====================================
Tamanho da barra: 900
Lucro máximo: 49986
Tempo de execução: 37317930 ns
Cortes: 13, 13, 19, 19, 19, 19, 19, 19, 19, 19, 19, 19, 19, 19, 19, 19, 19, 19, 19, 19, 19, 19, 19, 19, 19, 19, 19, 19, 19, 19, 19, 19, 19, 19, 19, 19, 19, 19, 19, 19, 19, 19, 19, 19, 19, 19, 19, 19
=====================================
=====================================
Tamanho da barra: 1000
Lucro máximo: 55564
Tempo de execução: 46501644 ns
Cortes: 12, 19, 19, 19, 19, 19, 19, 19, 19, 19, 19, 19, 19, 19, 19, 19, 19, 19, 19, 19, 19, 19, 19, 19, 19, 19, 19, 19, 19, 19, 19, 19, 19, 19, 19, 19, 19, 19, 19, 19, 19, 19, 19, 19, 19, 19, 19, 19, 19, 19, 19, 19, 19
=====================================
