=====================================
Tamanho da barra: 5
Lucro máximo: 205
Tempo de execução: 4839 ns
Cortes: 1, 1, 1, 1, 1
=====================================
=====================================
Tamanho da barra: 10
Lucro máximo: 410
Tempo de execução: 7314 ns
Cortes: 1, 1, 1, 1, 1, 1, 1, 1, 1, 1
=====================================
=====================================
Tamanho da barra: 15
Lucro máximo: 615
Tempo de execução: 13225 ns
Cortes: 1, 1, 1, 1, 1, 1, 1, 1, 1, 1, 1, 1, 1, 1, 1
=====================================
=====================================
Tamanho da barra: 20
Lucro máximo: 820
Tempo de execução: 20461 ns
Cortes: 1, 1, 1, 1, 1, 1, 1, 1, 1, 1, 1, 1, 1, 1, 1, 1, 1, 1, 1, 1
=====================================
=====================================
Tamanho da barra: 25
Lucro máximo: 1025
Tempo de execução: 29306 ns
Cortes: 1, 1, 1, 1, 1, 1, 1, 1, 1, 1, 1, 1, 1, 1, 1, 1, 1, 1, 1, 1, 1, 1, 1, 1, 1
=====================================
=====================================
Tamanho da barra: 30
Lucro máximo: 1230
Tempo de execução: 40668 ns
Cortes: 1, 1, 1, 1, 1, 1, 1, 1, 1, 1, 1, 1, 1, 1, 1, 1, 1, 1, 1, 1, 1, 1, 1, 1, 1, 1, 1, 1, 1, 1
=====================================
=====================================
Tamanho da barra: 35
Lucro máximo: 1435
Tempo de execução: 55696 ns
Cortes: 1, 1, 1, 1, 1, 1, 1, 1, 1, 1, 1, 1, 1, 1, 1, 1, 1, 1, 1, 1, 1, 1, 1, 1, 1, 1, 1, 1, 1, 1, 1, 1, 1, 1, 1
=====================================
=====================================
Tamanho da barra: 40
Lucro máximo: 1640
Tempo de execução: 69979 ns
Cortes: 1, 1, 1, 1, 1, 1, 1, 1, 1, 1, 1, 1, 1, 1, 1, 1, 1, 1, 1, 1, 1, 1, 1, 1, 1, 1, 1, 1, 1, 1, 1, 1, 1, 1, 1, 1, 1, 1, 1, 1
=====================================
=====================================
Tamanho da barra: 45
Lucro máximo: 1845
Tempo de execução: 90629 ns
Cortes: 1, 1, 1, 1, 1, 1, 1, 1, 1, 1, 1, 1, 1, 1, 1, 1, 1, 1, 1, 1, 1, 1, 1, 1, 1, 1, 1, 1, 1, 1, 1, 1, 1, 1, 1, 1, 1, 1, 1, 1, 1, 1, 1, 1, 1
=====================================
=====================================
Tamanho da barra: 50
Lucro máximo: 2050
Tempo de execução: 109319 ns
Cortes: 1, 1, 1, 1, 1, 1, 1, 1, 1, 1, 1, 1, 1, 1, 1, 1, 1, 1, 1, 1, 1, 1, 1, 1, 1, 1, 1, 1, 1, 1, 1, 1, 1, 1, 1, 1, 1, 1, 1, 1, 1, 1, 1, 1, 1, 1, 1, 1, 1, 1
=====================================
