=====================================
Tamanho da barra: 5
Lucro máximo: 205
Tempo de execução: 3407 ns
Cortes: 1, 1, 1, 1, 1
=====================================
=====================================
Tamanho da barra: 10
Lucro máximo: 410
Tempo de execução: 4978 ns
Cortes: 1, 1, 1, 1, 1, 1, 1, 1, 1, 1
=====================================
=====================================
Tamanho da barra: 15
Lucro máximo: 615
Tempo de execução: 7961 ns
Cortes: 1, 1, 1, 1, 1, 1, 1, 1, 1, 1, 1, 1, 1, 1, 1
=====================================
=====================================
Tamanho da barra: 20
Lucro máximo: 820
Tempo de execução: 11767 ns
Cortes: 1, 1, 1, 1, 1, 1, 1, 1, 1, 1, 1, 1, 1, 1, 1, 1, 1, 1, 1, 1
=====================================
=====================================
Tamanho da barra: 25
Lucro máximo: 1025
Tempo de execução: 17620 ns
Cortes: 1, 1, 1, 1, 1, 1, 1, 1, 1, 1, 1, 1, 1, 1, 1, 1, 1, 1, 1, 1, 1, 1, 1, 1, 1
=====================================
=====================================
Tamanho da barra: 30
Lucro máximo: 1230
Tempo de execução: 23349 ns
Cortes: 1, 1, 1, 1, 1, 1, 1, 1, 1, 1, 1, 1, 1, 1, 1, 1, 1, 1, 1, 1, 1, 1, 1, 1, 1, 1, 1, 1, 1, 1
=====================================
=====================================
Tamanho da barra: 35
Lucro máximo: 1435
Tempo de execução: 30388 ns
Cortes: 1, 1, 1, 1, 1, 1, 1, 1, 1, 1, 1, 1, 1, 1, 1, 1, 1, 1, 1, 1, 1, 1, 1, 1, 1, 1, 1, 1, 1, 1, 1, 1, 1, 1, 1
=====================================
=====================================
Tamanho da barra: 40
Lucro máximo: 1640
Tempo de execução: 40521 ns
Cortes: 1, 1, 1, 1, 1, 1, 1, 1, 1, 1, 1, 1, 1, 1, 1, 1, 1, 1, 1, 1, 1, 1, 1, 1, 1, 1, 1, 1, 1, 1, 1, 1, 1, 1, 1, 1, 1, 1, 1, 1
=====================================
=====================================
Tamanho da barra: 45
Lucro máximo: 1845
Tempo de execução: 52753 ns
Cortes: 1, 1, 1, 1, 1, 1, 1, 1, 1, 1, 1, 1, 1, 1, 1, 1, 1, 1, 1, 1, 1, 1, 1, 1, 1, 1, 1, 1, 1, 1, 1, 1, 1, 1, 1, 1, 1, 1, 1, 1, 1, 1, 1, 1, 1
=====================================
=====================================
Tamanho da barra: 50
Lucro máximo: 2050
Tempo de execução: 61629 ns
Cortes: 1, 1, 1, 1, 1, 1, 1, 1, 1, 1, 1, 1, 1, 1, 1, 1, 1, 1, 1, 1, 1, 1, 1, 1, 1, 1, 1, 1, 1, 1, 1, 1, 1, 1, 1, 1, 1, 1, 1, 1, 1, 1, 1, 1, 1, 1, 1, 1, 1, 1
=====================================
